keyword      C          C++        Go         Haskell    Java       JavaScript Julia      Perl       Python     Ruby       
__end__:     3          0          0          0          0          0          0          380        0          13         
and:         646        1167       614        386        1328       415        603        953        707        446        
any:         272        913        185        138        1131       89         466        420        137        125        
as:          440        996        363        559        1173       169        389        601        436        215        
auto:        26         819        13         7          9          3          20         59         3          7          
begin:       69         451        24         6          16         2          299        288        5          228        
bool:        181        681        492        366        0          146        301        58         123        6          
boolean:     45         16         33         25         376        70         36         66         19         13         
break:       440        261        243        36         113        69         218        59         172        115        
byte:        133        84         423        9          32         2          36         63         8          27         
case:        386        277        417        402        109        98         187        248        62         163        
catch:       38         147        13         27         212        80         147        45         6          18         
char:        993        678        31         201        129        56         119        143        59         35         
check:       229        278        172        143        100        97         218        265        92         58         
class:       149        592        29         158        1897       149        13         355        284        619        
const:       767        1009       456        106        4          968        409        42         3          13         
continue:    260        158        225        12         48         36         157        60         72         9          
cout:        1          877        1          0          0          0          0          0          0          0          
data:        361        337        235        1192       172        211        317        357        169        100        
def:         66         23         13         18         3          2          26         50         1554       989        
default:     294        273        243        38         80         428        204        314        55         103        
defer:       6          7          215        2          0          2          7          8          2          0          
delete:      77         218        41         63         51         57         87         222        21         67         
deriving:    1          0          0          313        0          1          0          0          0          1          
do:          389        281        249        829        1160       101        277        462        44         1176       
double:      337        272        27         151        208        5          50         73         18         24         
elif:        90         32         0          1          0          0          0          5          203        0          
else:        819        654        441        372        393        310        587        625        726        309        
elseif:      1          0          0          0          0          0          343        2          0          0          
elsif:       2          0          0          0          0          0          0          391        0          101        
end:         329        572        154        126        67         84         1496       283        173        1685       
endl:        1          525        0          0          0          0          0          0          0          0          
error:       281        199        512        327        94         184        356        363        76         145        
eval:        38         4          4          27         6          16         146        308        46         53         
except:      70         827        50         30         6          13         49         122        176        17         
export:      12         6          24         18         0          487        129        163        1          2          
extends:     14         1          4          2          439        62         4          20         0          3          
extern:      232        73         9          3          163        0          2          12         0          5          
false:       287        577        378        262        288        306        571        166        295        431        
final:       50         47         29         22         820        21         38         68         26         10         
float64:     4          2          302        0          0          0          280        0          5          0          
for:         1315       1586       1244       328        1825       748        1255       1289       1482       489        
foreach:     14         24         1          0          90         125        34         437        0          23         
from:        466        396        381        277        1230       805        406        585        975        223        
func:        94         89         1852       18         2          70         56         45         21         4          
function:    334        430        262        268        151        1134       1178       284        253        34         
go:          55         59         1102       147        23         93         40         137        108        13         
goto:        207        10         25         3          0          2          22         101        4          2          
if:          1376       1235       1258       492        978        880        914        1144       1422       786        
implements:  32         27         90         14         292        2          31         56         13         8          
import:      10         0          1535       1382       1494       569        188        219        1341       8          
in:          654        1144       1147       546        1399       471        1226       790        1514       439        
include:     1648       1837       64         24         12         11         133        117        6          240        
instance:    105        57         23         265        126        15         81         110        19         81         
int:         1709       1616       1029       721        1072       139        571        271        652        34         
int64:       8          11         247        13         0          0          202        0          1          0          
interface:   50         19         279        12         207        1          62         155        3          2          
iostream:    3          866        0          0          0          0          17         0          0          0          
is:          796        1230       1168       408        1391       482        789        909        641        511        
lambda:      16         36         1          21         15         11         30         1          254        58         
last:        186        138        129        108        58         70         207        383        144        129        
let:         72         42         30         595        16         444        167        86         18         20         
local:       100        52         44         48         13         10         103        347        8          62         
long:        364        162        81         23         220        12         41         162        22         28         
main:        1085       1076       1259       1002       909        113        79         218        251        46         
map:         67         122        242        603        182        405        205        553        164        295        
module:      107        27         12         610        14         96         217        380        17         224        
my:          47         15         20         26         11         22         13         1676       20         21         
namespace:   13         1068       2          28         1          9          9          69         2          7          
new:         273        366        358        108        1402       481        292        638        93         832        
next:        254        162        152        53         138        152        112        431        123        133        
nil:         116        3          752        23         1          1          5          14         2          470        
none:        76         95         31         22         9          27         72         131        325        27         
not:         590        1057       578        353        1243       299        502        685        579        379        
nothing:     88         55         48         360        29         28         424        127        22         31         
null:        635        163        27         189        369        326        35         89         9          41         
of:          798        1259       1195       634        1452       598        832        798        801        477        
operator:    38         294        17         35         10         10         36         59         71         9          
or:          437        1002       296        197        1205       174        382        789        419        235        
our:         82         95         43         20         29         28         58         581        43         15         
package:     24         3          1956       32         1353       1          37         874        0          15         
print:       140        131        205        462        211        112        322        1155       1358       166        
private:     63         315        10         8          938        5          13         60         10         133        
public:      115        523        16         9          2025       16         65         149        8          34         
qualified:   8          2          9          458        0          0          4          37         0          0          
raise:       61         14         1          3          0          3          17         19         177        234        
range:       124        161        681        45         51         99         87         79         880        41         
return:      1691       1544       1176       396        1267       1384       873        1011       1332       315        
self:        244        51         25         22         7          8          19         388        241        340        
sizeof:      743        263        28         7          1          0          80         10         0          5          
static:      622        471        37         18         1519       17         49         45         5          11         
static_cast: 1          234        0          0          0          0          0          0          0          0          
std:         21         1738       14         2          5          3          29         27         4          3          
string:      546        658        827        565        1420       395        516        328        254        268        
struct:      579        458        597        0          0          0          381        34         4          67         
switch:      317        140        332        19         52         31         20         75         4          12         
template:    12         437        33         4          2          10         1          25         5          7          
then:        191        187        144        416        79         132        178        320        90         117        
this:        554        1100       1050       340        1360       414        661        787        309        251        
thread:      111        224        33         25         108        1          26         55         15         74         
throw:       33         211        21         17         146        157        312        42         2          24         
throws:      7          29         1          7          262        14         31         13         5          9          
true:        304        683        423        327        383        409        643        249        515        593        
try:         112        221        52         61         236        89         206        199        181        45         
type:        243        222        779        394        133        186        495        282        122        79         
typedef:     358        169        6          0          0          7          12         9          0          0          
typename:    6          304        10         44         0          0          13         0          2          0          
typeof:      8          6          18         12         0          157        274        0          0          0          
undef:       204        43         1          0          0          1          160        486        1          15         
union:       70         21         11         41         3          7          298        11         27         14         
unless:      96         817        24         44         4          4          34         604        2          254        
unsigned:    487        293        28         3          3          4          37         30         4          4          
use:         356        912        964        144        1120       278        300        1572       114        118        
using:       236        925        147        80         118        88         924        320        184        99         
var:         74         23         1021       132        456        694        92         68         5          14         
void:        1220       1050       18         45         1654       14         15         48         1          14         
when:        234        193        205        147        140        99         243        391        85         330        
where:       161        140        90         1232       59         43         407        227        108        40         
while:       839        641        53         37         405        283        419        672        505        164        
with:        477        1061       447        278        1242       289        513        654        409        337        
